#POS	REF	ALT	KIR2DS1_0020101	KIR2DS1_0020102	KIR2DS1_0020103	KIR2DS1_0020104	KIR2DS1_0020105	KIR2DS1_0020106	KIR2DS1_00202	KIR2DS1_00301	KIR2DS1_00302	KIR2DS1_004	KIR2DS1_00501	KIR2DS1_00502	KIR2DS1_006	KIR2DS1_008	KIR2DS1_009
23	A	T	0	0	0	0	0	0	0	0	0	0	1	1	0	0	0
24	C	T	0	0	0	0	0	0	0	1	1	0	1	1	0	0	0
3515	C	A	0	0	0	0	0	0	0	0	0	0	1	0	0	0	0
3656	T	C	0	0	0	0	0	0	0	1	0	0	0	0	0	0	0
3697	C	A	1	1	1	1	1	1	1	1	1	1	1	1	1	1	1
5381	A	G	0	0	0	0	0	0	0	0	0	0	0	0	0	1	0
5382	T	C	0	0	0	0	0	0	0	0	0	0	0	0	0	1	0
5500	A	G	0	0	0	0	0	0	0	0	0	0	0	0	0	0	1
5526	T	C	0	0	0	0	0	0	1	0	1	0	0	0	0	0	0
8813	G	A	0	0	0	0	0	0	0	0	0	1	0	0	0	0	0
13103	G	A	0	0	0	0	0	0	0	0	0	0	0	0	1	0	0
