#POS	REF	ALT	KIR2DS5_0020101	KIR2DS5_0020102	KIR2DS5_0020103	KIR2DS5_0020104	KIR2DS5_00202	KIR2DS5_003	KIR2DS5_004	KIR2DS5_00501	KIR2DS5_00502	KIR2DS5_006	KIR2DS5_007	KIR2DS5_00801	KIR2DS5_00802	KIR2DS5_009	KIR2DS5_010	KIR2DS5_011	KIR2DS5_012	KIR2DS5_013	KIR2DS5_014	KIR2DS5_015	KIR2DS5_016
39	T	C	1	1	1	1	0	0	0	0	0	1	0	0	0	0	0	0	1	1	0	1	1
57	T	A	0	0	0	0	0	0	0	0	0	1	0	0	0	0	0	0	0	0	0	0	0
1575	A	G	0	0	0	0	0	0	0	0	0	0	0	1	1	0	0	0	0	0	0	0	0
4064	C	G	0	0	0	0	0	0	0	0	0	0	0	0	0	0	0	0	0	0	0	0	1
4220	G	A	0	0	0	0	0	0	0	0	0	0	0	0	0	0	0	0	0	0	1	0	0
4293	G	T	0	0	0	0	0	1	0	0	0	0	0	0	0	0	0	0	0	0	0	0	0
5876	C	T	1	1	1	1	1	1	1	1	1	1	1	1	1	1	1	1	1	1	1	1	1
5881	C	A	0	0	0	0	0	0	0	0	1	0	0	0	0	0	0	0	0	0	0	0	0
5913	G	A	0	0	0	0	0	1	0	0	0	0	0	0	0	0	0	0	0	0	0	0	0
5914	C	T	0	0	0	0	0	1	0	0	0	0	0	0	0	0	0	0	0	0	0	0	0
5925	C	T	0	0	0	0	0	0	0	0	0	0	0	0	0	0	1	0	0	0	0	0	0
6005	C	A	0	0	0	0	0	0	0	0	0	1	0	0	0	0	0	1	1	1	0	0	0
6017	A	C	0	0	0	0	1	0	0	0	0	0	0	0	0	0	0	0	0	0	0	0	0
6017	A	G	0	0	0	0	0	1	1	1	1	1	1	1	1	0	1	0	1	0	1	0	0
6036	C	T	1	1	1	1	1	1	1	1	1	1	1	1	1	1	1	1	1	1	1	1	1
6065	G	A	1	1	1	1	1	1	1	1	1	1	1	1	1	1	1	1	1	1	1	1	1
6072	G	C	0	0	0	0	0	0	0	0	0	0	0	0	0	1	0	1	0	0	0	0	0
6090	G	A	0	0	0	0	0	0	1	0	0	0	0	0	0	0	1	0	0	0	0	0	0
9338	G	A	0	0	0	0	0	0	0	0	0	0	1	0	0	0	0	0	0	0	0	0	0
13629	C	T	0	0	0	0	0	0	0	0	0	0	0	1	0	0	0	0	0	0	0	0	0
13705	A	G	0	0	0	0	0	0	0	0	0	0	0	0	0	0	0	0	0	0	0	1	0
14199	G	T	0	0	0	0	0	0	0	0	0	0	0	0	0	0	0	0	1	0	0	0	0
14342	G	A	0	0	0	0	0	0	0	0	0	0	1	0	0	0	0	0	0	0	0	0	0
