#POS	REF	ALT	KIR2DS4_00102	KIR2DS4_00103	KIR2DS4_00105	KIR2DS4_0030101	KIR2DS4_0030102	KIR2DS4_0030103	KIR2DS4_0030104	KIR2DS4_0040101	KIR2DS4_0040102	KIR2DS4_0060101	KIR2DS4_0060102	KIR2DS4_007	KIR2DS4_008	KIR2DS4_009	KIR2DS4_010	KIR2DS4_01101	KIR2DS4_01102	KIR2DS4_012	KIR2DS4_013	KIR2DS4_014	KIR2DS4_015	KIR2DS4_016	KIR2DS4_017	KIR2DS4_018
4901	G	A	0	0	0	0	0	0	0	0	0	0	0	0	0	0	1	0	0	0	0	0	0	1	0	1
4904	T	C	0	0	0	0	0	0	0	0	0	0	0	0	0	0	0	0	0	0	1	0	0	0	0	0
5029	A	G	0	0	0	0	0	0	0	0	0	0	0	0	1	0	0	0	0	0	0	0	0	0	0	0
5113	G	T	0	0	0	0	0	0	0	0	0	0	0	0	0	0	0	0	0	0	0	0	1	0	0	0
5114	C	A	0	0	0	0	0	0	0	0	0	0	0	0	0	0	0	0	0	1	0	0	0	0	0	0
5134	G	A	0	0	0	0	0	0	0	1	1	0	0	0	0	0	0	0	0	0	0	0	0	0	0	0
5143	C	A	0	0	0	0	0	0	0	0	0	0	0	1	0	0	1	0	0	0	0	1	0	1	0	1
5146	C	G	0	0	0	0	0	0	0	0	0	0	0	0	0	0	0	0	0	0	0	0	0	0	0	1
6781	C	A	0	0	0	0	0	0	0	0	0	0	0	0	0	1	0	0	0	0	0	0	0	0	0	0
6818	A	T	0	0	0	0	0	0	0	1	1	0	0	0	0	0	0	0	0	0	0	0	0	0	0	0
6833	TCCCGGAGCTCCTATGACATGTA	T	0	0	0	1	1	1	1	1	1	1	1	1	1	1	1	0	0	1	1	0	0	0	0	1
6849	A	G	1	0	0	0	0	0	0	1	1	1	1	0	0	0	0	0	0	1	1	0	0	0	0	0
6892	A	C	0	0	0	0	0	0	0	1	1	0	0	0	0	0	0	0	0	0	1	0	0	0	0	0
6909	C	T	0	1	0	0	0	0	0	0	0	0	0	0	0	0	0	0	0	0	0	0	0	0	0	0
6917	C	T	0	0	0	0	0	0	0	0	0	0	0	0	0	1	0	0	0	0	0	0	0	0	0	0
6957	C	T	0	0	0	0	0	0	0	0	0	0	0	0	0	1	0	0	0	0	0	0	0	0	0	0
6982	G	A	0	0	0	0	0	0	0	0	0	0	0	0	0	0	0	0	0	0	1	0	0	0	0	0
7017	C	T	0	0	1	0	0	0	0	0	0	0	0	0	0	0	0	0	0	0	0	0	0	0	0	0
10235	C	G	0	0	0	0	0	0	0	0	0	0	0	0	0	0	0	0	0	0	0	0	0	0	1	0
14525	A	G	0	0	0	0	0	0	0	0	0	0	0	0	0	0	0	0	1	0	0	0	0	0	0	0
14602	C	G	0	0	0	0	0	0	0	0	0	0	0	0	0	0	0	0	0	0	1	0	0	0	0	0
14604	G	A	0	0	0	0	0	0	0	0	0	0	0	0	0	0	0	1	1	0	1	0	0	0	0	0