#POS	REF	ALT	KIR2DS3_00102	KIR2DS3_0010301	KIR2DS3_0010302	KIR2DS3_00104	KIR2DS3_00105	KIR2DS3_00106	KIR2DS3_0020101	KIR2DS3_0020102	KIR2DS3_0020103	KIR2DS3_003N	KIR2DS3_004	KIR2DS3_005	KIR2DS3_006	KIR2DS3_007	KIR2DS3_008
1545	G	C	0	0	0	0	0	0	0	0	0	0	0	0	0	1	0
4085	C	G	0	0	0	0	0	0	0	0	0	0	0	0	1	0	0
4112	T	C	0	0	0	0	0	0	0	0	0	0	0	0	0	0	1
4156	G	C	0	0	0	0	0	0	0	0	0	0	0	1	0	0	0
5929	C	A	0	0	0	0	0	0	0	0	0	1	0	0	0	0	0
5936	T	C	0	0	0	0	0	0	0	0	0	0	1	0	0	0	0
6016	C	T	0	0	0	1	0	0	0	0	0	0	0	0	0	0	0
6079	C	T	0	0	0	0	1	0	0	0	0	0	0	0	0	0	0
9338	A	G	0	0	0	0	0	0	0	0	0	0	0	0	0	1	0
13705	G	A	0	0	0	0	0	0	1	1	1	1	0	0	0	0	0
14205	G	A	0	0	0	0	0	1	0	0	0	0	1	0	0	0	0
14217	A	G	1	0	0	0	0	0	0	0	0	0	0	0	0	0	0
14336	C	T	1	1	1	1	1	1	1	1	1	1	1	1	1	1	1
