#POS	REF	ALT	KIR2DS2_00102	KIR2DS2_00103	KIR2DS2_00104	KIR2DS2_002	KIR2DS2_003	KIR2DS2_004	KIR2DS2_005	KIR2DS2_006	KIR2DS2_007	KIR2DS2_008	KIR2DS2_009
863	G	C	0	0	0	0	0	1	0	0	0	0	0
885	T	G	0	0	0	1	0	0	0	0	0	0	0
3354	C	T	0	0	0	0	0	0	0	0	1	0	0
3372	C	T	0	0	0	0	0	0	0	0	0	0	1
5199	T	C	0	0	1	0	0	0	0	0	0	0	0
5235	C	T	0	0	0	0	0	0	0	0	0	1	0
5282	T	C	0	1	0	0	0	0	0	0	0	0	0
8658	A	G	0	0	0	0	0	1	0	0	0	0	0
12934	C	T	0	0	0	0	1	0	0	0	0	0	0
12940	C	T	0	0	0	0	1	0	0	0	0	0	0
12945	G	A	1	0	0	0	0	0	1	1	0	0	0
12948	T	C	0	0	0	0	1	1	1	0	0	0	0
12950	T	C	0	0	0	0	1	0	0	0	0	0	0
12974	A	T	0	0	0	0	1	0	0	0	0	0	0
12975	A	C	0	0	0	0	1	0	0	0	0	0	0
12976	A	C	0	0	0	0	0	0	1	0	0	0	0
12981	T	C	0	0	0	0	1	0	0	0	0	0	0
12984	C	T	0	0	0	0	1	0	0	0	0	0	0
12985	A	G	0	0	0	0	1	0	0	0	0	0	0
12987	C	T	0	0	0	0	1	0	0	0	0	0	0
13020	C	T	0	0	0	0	1	0	0	0	0	0	0
13021	T	G	0	0	0	0	1	0	0	0	0	0	0
13024	A	G	0	0	0	0	0	0	1	1	0	0	0
13500	T	A	0	0	0	0	0	0	1	0	0	0	0
13501	G	T	0	0	0	0	0	0	1	0	0	0	0
13517	A	G	0	0	0	0	0	0	1	0	0	0	0
13524	A	G	0	0	0	0	0	0	1	0	0	0	0
13545	C	G	0	0	0	0	0	0	1	0	0	0	0
13661	A	G	0	0	0	0	0	0	1	0	0	0	0
